M04 119 100 114 45 112 80
M08 87 92 111 41 110 80
M05 104 115 113 56 111 80
M17 121 116 87 59 85 80
M07 125 119 106 59 105 80
M12 135 103 114 43 112 80
I1 107 113 97 59 96 80 x:1
I2 121 104 111 47 109 80 x:1
I3 107 82 115 41 113 80 x:1
WT 40 124 106 65 105 80 x:1
WL 16 127 98 66 97 80 x:1
WI 39 124 107 65 105 80 x:1
HC 17 131 98 68 97 80 x:1 k:0,16
HW 33 135 87 71 86 80 x:1 k:0,16,32
HP 41 134 101 71 99 80 x:1 k:0,12,24,40
HJ 41 132 115 68 113 80 x:1 k:0,12,24,40
HR 17 136 101 66 99 80 x:1 k:0,16
